# Created by Octave 4.0.3, Mon Apr 10 18:01:40 2017 CDT <baobrien@baobrien-d-desktop>
# name: wo_e_vq
# type: matrix
# rows: 512
# columns: 2
 -0.03112585371129704 -11.01568761173682
 0.2008864019416321 -15.0682766325598
 0.001799626839365843 -8.080118961301405
 -0.006403934746019024 17.00651231553163
 -0.2336592313461734 1.966657567088812
 0.02274993287756455 17.70559873263448
 0.1013036513232214 2.914244716078124
 0.0634983331193555 1.097436301833161
 -0.1177385040302834 -19.01022851255187
 -0.00895116181857636 -13.31777012793536
 0.2578253532066977 18.00122061346343
 -0.08811146100605298 13.76588374766963
 0.1325246171158692 24.9365694087806
 0.03989761570022343 1.641125705527504
 -0.1132705319576216 -3.839763090752779
 0.184754572261067 4.975719070207891
 -0.08176202242077778 -29.45483295152215
 -0.08886871487675109 -13.96342713221886
 -0.08970050594345094 -0.8586412753979146
 0.02428070066024203 -4.236348838851491
 -0.1609348876224411 -25.55422542588331
 -0.08193062936390946 -19.3106124000059
 0.1351809610277594 -6.95882499736724
 -0.1120306935071895 -7.502078490874786
 -0.01327732891397526 -1.893737318929187
 -0.05248987862341086 -13.3703837626063
 -0.04185336127363648 -21.02698888670391
 -0.2047152746014644 -5.979085812256447
 -0.03545263944063692 -2.494079302523005
 -0.01975602978781502 -24.9172894350143
 -0.151717178790474 -3.122646621436299
 0.08005376863180023 35.51297070525644
 0.1646335579235365 41.70311872404081
 -0.1959466020695961 26.53567374526085
 0.08474551691020117 50.36293472442151
 -0.01878262893420315 2.951953064834174
 0.001944451375463068 24.29618395766532
 -0.2626795037284604 -34.44762726280663
 0.02921585451997495 -8.594326742510395
 -0.05735494891906662 4.612580352940356
 -0.08692904037297332 -4.008991490132283
 -0.08405412960964363 -41.87586697247308
 -0.009766023104735557 2.752305884430404
 -0.1112559759393152 -27.29677829684377
 0.0411021814061593 -53.61266653925358
 0.04570785627219433 4.220894308119994
 -0.03873592719631839 0.08615473149293176
 -0.03229881911492805 -35.42631133927197
 -0.005142005582551278 11.21071679729669
 0.08576879434872511 9.589597127960728
 0.00110801292045972 -25.32220181226801
 0.08859534232147014 -18.09946061601895
 -0.3338667711453076 -0.9278180182574567
 -0.05166912007961853 -2.68642356106343
 0.1211409179004295 50.97508480808627
 -0.004381677857035317 0.6750118566389509
 -0.1365835322917264 -11.37646396987163
 -0.2774062949536539 -7.531982577845501
 0.09659228204065873 41.4475924901007
 0.2744894523145424 4.962962466994384
 0.1519029273393523 14.24714602489469
 -0.1783484238932046 -11.52347129195559
 0.01865799144785687 5.400874455533653
 -0.01585325509261606 -33.45411362020234
 0.09423113302915409 -2.213342288199777
 -0.1818283172793239 -1.184613642283085
 0.05827691197949251 36.90490677361332
 -0.135050394659339 14.20582634980821
 -0.2572238957803212 -18.04467890537587
 -0.3224740941415186 -13.01081209831416
 0.05436630636013815 -35.39715886279515
 0.1026216721294558 34.64013310949004
 0.03688366795433641 12.40753105058613
 -0.1045444366237091 11.13698634175489
 -0.07738276960350443 7.695021947615762
 -0.01346403526911737 26.93555598460686
 -0.3430236762897774 -6.186226522397543
 -0.03634332791420018 -43.9146504993635
 -0.02636904940880832 -30.69358635024268
 0.09515582471605816 22.18501456403613
 -0.0186122879997755 -4.207589017504881
 0.2214202750524059 -7.825588336688598
 -0.05667338845478967 -28.06986672404641
 -0.01086482216423088 8.879330936870538
 0.07707605506383929 -5.634705808399169
 -0.02783615091254972 8.260673282561182
 -0.1034997640898119 -4.0627232921516
 0.01771510717060781 -16.91403083408428
 0.06946320894284053 13.80555782339963
 0.02124083256814911 28.90429503774021
 -0.1302180249452825 2.33856903390358
 0.1389956964043417 4.726631651841987
 -0.09523791822571434 -17.2597331448657
 0.004475295247214371 8.223953634804889
 0.1160696117327232 39.79352648933092
 0.2546017440119766 37.34786580167847
 -0.2031635070302139 -49.6617724393144
 -0.02807401725300877 -19.2637868863544
 -0.05774928838924914 -37.7772556793768
 -0.2433366014996876 -10.07134912677156
 0.1625011693570579 6.943597797419627
 0.2751517892749536 -35.4334369376949
 0.01710442998417999 -34.11390996372275
 0.08768839362048611 28.850815639149
 -0.0002752803458532406 -5.452132738458856
 -0.03566438605261675 14.32272595145576
 -0.01462757303557011 -8.962178817515877
 -0.1345751409429705 -6.346192360723593
 -0.111368276190374 -12.26836500734101
 0.01386767962486341 8.607728223474885
 0.005082935523970357 16.70386869435549
 0.06413576629661265 4.135332257202363
 -0.06606679815795638 -7.898368031280095
 -0.001117541896004998 3.878649314099085
 -0.3001439724686301 -24.76533491143411
 -0.02817050611468134 -40.56199406061109
 -0.2789994284596147 7.434083412482769
 -0.06398051409711859 27.51389667835893
 -0.03297134986153149 1.532628223463097
 0.1225275797747617 6.031494548782147
 0.03798008973755027 26.3640332104438
 0.02434151070968215 8.866631742960552
 -0.02258976424972666 -8.468997430797433
 0.0537271261558546 -8.395228278146584
 0.01163514720779712 -46.57291625805885
 0.1135219070801232 15.18297053785057
 -0.05539255534342652 8.031903948140652
 0.09540528786130231 1.232825523701522
 0.007539277860780834 10.51113292754163
 -0.02055156439522517 37.84670121796419
 0.1937362581809923 -43.09607326792704
 0.2628199546632279 9.159034467841025
 0.01156317573003677 -0.2533560026817476
 -0.04534247824033313 7.1408316735127
 0.04444017395709256 -20.60472543226078
 -0.01015485207481063 -3.27169552745924
 -0.1282482711327909 -26.00689709442448
 -0.01418536705349256 6.69255306333266
 -0.1674422696103199 -3.033892186150591
 0.1961776315530128 10.81294195162832
 -0.00988655767977544 -0.8242017465124289
 0.02846925616833777 -0.7742326705772059
 -0.05828290654852463 -5.806922138070601
 -0.007062360222808511 21.29166768998025
 -0.0768226191730054 -3.563575257784846
 0.1804987950888144 14.44552037434742
 0.006974308173112246 36.9977950424946
 -0.1922251982495114 -5.525932186526535
 0.03986668622240565 48.49367532171524
 0.1387812599321287 45.87245693674422
 -0.04282626094444406 -11.27285687489547
 0.007407666650223159 1.712439856712924
 -0.005927158884786974 -5.528059658273112
 -0.133256180001834 -20.01694209411393
 -0.1560220395215153 -43.89956239721003
 -0.001032333867973557 32.15269415925125
 -0.007974607069308269 13.30819576440225
 -0.03788649210265445 21.01283944998565
 -0.1053881323834306 4.32007471128714
 -0.09847715291883261 -12.81886550238663
 0.2926686095420587 -13.30301673253342
 0.2109208847019686 49.87646855168614
 -0.1215143099141673 -8.644240043699734
 0.06984544337139748 23.73232345082157
 0.2394732940884249 9.658531272010661
 -0.02644300997117964 3.30817496702389
 -0.1255102047452341 -35.54258116519916
 -0.1761687556464616 13.46755235410898
 0.01929790881769831 -0.8460769738350647
 0.04528485684128723 -0.2603790638759702
 -0.009633449256619282 -21.34888984055396
 0.1458236815972319 29.57584905982931
 0.05808925199526741 24.7219336089179
 -0.04355673445629526 -3.197801041870425
 0.05736354212574606 15.15140329300324
 -0.07544196079171325 -7.830280622545642
 -0.02865864252933542 -0.7320538892979076
 0.1316592185392635 -0.5247777984246427
 0.1150444095506707 -14.12534070945391
 0.1078138380047785 4.544566830800704
 -0.004299430243104637 -2.367126337338701
 -0.2477311460134234 -5.566909762975859
 0.0904633301812949 45.46645540880134
 -0.003945930815813865 5.826926811806388
 0.0008517258719113744 -10.6245790641071
 -0.01593672860416226 18.46414295341986
 0.07679112595241792 29.66068117927583
 -0.06194162289300904 -2.670733078806559
 0.02999188787749784 -15.88935044561854
 0.1057276031210327 -1.573337539625042
 -0.09540897341225975 -7.190181019179013
 -0.2017740342963757 -19.9637968805693
 -0.06823915057387848 6.010180919292586
 0.1760714928879238 35.98070087437772
 0.1134810810185377 2.514024373158619
 -0.2140987856608257 14.64243839884032
 0.1310451120677509 -42.43494110648179
 -0.01318010350809205 -11.28001922349921
 -0.002865878084747483 2.347337244318755
 0.02007856283291382 24.4868773260661
 0.104486865222741 11.12061132164152
 0.09357199022278194 -29.36412118561268
 0.08128674843405799 -34.77075051024718
 0.008938976426954917 6.102018261272266
 0.169698490683421 -13.55702201892185
 0.08761626319568006 4.663037384880871
 0.1510063736647236 6.321553675240101
 -0.09105911120952763 7.98772656272295
 0.116831455126746 9.53946377471531
 -0.2949817914402868 -9.632550351611807
 0.2093636740563284 8.520471227521503
 0.2337591863910358 -2.584317746307133
 -0.02898716948577715 -26.44097246722339
 -0.1492959915497064 -22.12417709051266
 -0.05264801750131353 -23.77170092081131
 -0.0683145870198637 -12.21641244290867
 -0.0469712782312568 -17.26524038477307
 0.1216698786946021 2.074793860309629
 0.0004189523540764585 9.712869104199331
 0.01239842587303218 -9.1493349579988
 -0.2239699030038504 -9.709241120530674
 -0.2583715972075554 11.46442821347694
 -0.01296421515481738 -17.14278901958588
 0.06314105745516942 11.73620221577363
 -0.03772477883133123 -37.16841967307575
 0.04905135843370111 24.16987589300737
 0.1577664364655703 -21.18291008093805
 -0.1611938978991077 -13.72185369878742
 0.1649596243530238 50.6852724945071
 -0.05590966342027001 -19.07760325643415
 0.1031120684621126 28.05177932286137
 0.03615946710091931 5.26481330684642
 0.03231885852815432 1.868467638054123
 0.05158830467931402 19.35714249169514
 -0.197035659709106 -12.12534161147287
 0.02695570905957188 12.73942544657461
 -0.09338836447016143 -29.36294602755855
 -0.07515068934276256 -21.92336962178902
 0.03653482302467751 20.36235924137905
 -0.008308524337724109 6.556435475254984
 0.02445072251807515 -23.58019090718471
 0.1216466879726899 17.54173592921678
 -0.03266043416403424 -22.0514762597975
 0.06267972623702477 -16.23451972790956
 -0.06036490385516327 -14.65023808071514
 0.04476605809622319 38.79774146855464
 -0.002623721018468952 -30.16184583363221
 0.008661334699339678 -6.035194125979674
 -0.02907199835493092 -6.470813271941541
 0.00796529267992835 30.10596474998144
 0.009604834386764287 -13.25541519633437
 -0.07702097528690374 19.16778034601747
 -0.06389788537747926 2.336969349536888
 -0.05336752037638748 15.87471795928116
 -0.1030878790799353 -22.85459976905096
 0.05094605697965936 -13.47716422697122
 -0.01375726300289535 -0.1918150721571579
 -0.05421943806674036 -47.17443596987412
 -0.005280886866729921 -0.8653138410211832
 -0.01479311949848668 11.7641490526257
 -0.07767654879474498 0.7328772121250762
 -0.1307770132009607 -43.65911098359678
 -0.06580305318152735 -22.97546269826316
 0.06347070530181291 -4.095242497908124
 -0.1461931078665772 -10.47462730434364
 -0.08955877883600884 -23.72968049519865
 -0.01997424394119774 21.66905850513486
 -0.02766854391210152 -14.6370818881555
 0.126287848030795 -24.42374281390105
 0.04139604826242316 6.61259236549878
 -0.1445781888292319 -17.06326332850528
 -0.1541165726950039 4.271335021852487
 0.1033840951331038 -23.58558887475255
 -0.06841086896158109 -34.91124392920877
 -0.07909437665271711 -35.27328694916432
 -0.1537256475500706 -7.79194991744658
 -0.2513731560092805 0.1878890249615603
 -0.104502964247695 20.40459694428558
 0.06602663481927815 28.93663479310507
 0.04985515949421121 14.45462864862274
 0.1470064896783731 40.39407879670244
 -0.1505285935524382 -56.39060193039347
 -0.009466355291623317 -26.59901238169774
 -0.01902394887823225 8.615726901973302
 0.091022969678707 37.22275534731538
 -0.1052970742112073 -42.12800516772803
 0.1009035342097755 6.381645067246668
 -0.1780549177701705 3.638282814955041
 0.1334840962140444 10.34855315023038
 -0.01622803163762428 14.86991151641205
 0.1610657019129552 2.057696415424124
 -0.04419868722216252 30.92113878398453
 -0.0790350247216861 -16.19756817591522
 -0.09559840477791898 3.685255646077016
 0.01254799001814413 21.45972664624103
 0.1363963284141494 16.53577344515256
 -0.1923217581468585 -23.00625768581625
 -0.3251578421481386 -4.50324061520828
 0.2374381876198794 -21.35713809797486
 0.1467838694571041 0.6804001799337356
 0.1733059785762376 2.491931620322684
 0.1117295759517176 45.41608371373991
 -0.07914435358710599 -12.72785098153472
 -0.06969397702494012 -1.366866184017265
 0.1541902227524165 -2.721355189933797
 -0.07208998158687795 -29.45284174788181
 -0.01726999246848073 0.7463000625126366
 0.002642681117794531 19.94967955926397
 0.153229477326719 -30.63198111854772
 0.005096043764258399 -1.951329437004915
 -0.005406747679268385 8.885847419252677
 0.022001331037385 32.06964842375073
 -0.2021887222962941 11.15960270863917
 0.2171230361914078 40.37032865253385
 0.0161876558193073 -21.11689697373236
 0.03894486900124225 30.719628793335
 0.0924961854173082 13.04867597597202
 0.1204227738254972 -4.501792134474435
 -0.03130560665465557 33.15643355398844
 -0.2236640684662214 -34.90017186194434
 0.08377072078570574 0.8709460228934843
 0.0463630276631013 42.79772258177812
 0.05020085437073754 -4.187384841961036
 -0.1636230754534864 -19.70622553054413
 -0.3212815190112278 -44.82094451405063
 0.04980034042651035 7.808486962109384
 0.01712840716798499 -6.692859673721587
 0.02608762642227506 38.76035619717417
 -0.08095805541206852 -10.05392911644919
 -0.0009964692167119258 -3.496697030035588
 0.08239505929115434 16.90302995284755
 -0.01433066677679635 -3.909193685175503
 -0.1822570850114764 -26.57046181552599
 -0.1262114463104438 -14.04834941043218
 0.2000021267627365 27.45117984029731
 0.05531133520387785 2.554708602001053
 0.07489022415373742 -11.90523580949535
 -0.02129573006503309 -11.60660905020643
 0.1172929928543511 31.78477032820388
 0.01694507146381019 12.27645707008321
 0.1682028887265432 27.85800949111333
 0.003782113552791448 3.662868303059994
 -0.01551728202710088 -14.31959102008724
 -0.1087274793842256 0.05937601181298386
 -0.07239700546927638 12.59384736916198
 0.02948648088113062 -31.10671695513962
 0.03346698569272231 9.337792827626426
 0.1594059677231353 33.09609576202987
 0.2998305472185108 15.01060042370495
 -0.005758267235292367 3.888007009553927
 0.0002238016681384558 12.29055911238004
 -0.002169868756868845 -16.62171953790713
 0.0006609813919056758 1.609206658815241
 -0.2145788120610492 0.2993498534783193
 -0.1935926237755558 -32.74135001152499
 -0.1797590352045942 -19.91557650944305
 -0.008140517434652817 -2.031718293634305
 0.159720635373679 22.57653744926327
 0.01463945418969626 -3.50062429493413
 0.0704847041984079 35.33662289281476
 -0.0002146443496503138 27.45104793516593
 0.03994054797167918 14.7481527744663
 -0.02298673722566114 -2.227431256341393
 -0.03790416560857587 -15.30765067609591
 0.1920079876207683 -31.87749313445321
 -0.01946129282951102 -38.09205788863006
 -0.006713674668969763 -42.76623914886856
 -0.0372859558683141 9.174047912997052
 -0.006561375012261865 1.946793356934997
 -0.1787090230531556 -5.361188326798317
 0.09036394866691541 -7.58087375547907
 0.01034352546609453 25.74322165705101
 -0.3470118158543852 -21.68510284969138
 0.03612320079786952 -12.70087211249487
 0.04102058741684989 8.761971807530147
 0.3103159738359357 -25.03470883334824
 0.1263011437698456 13.58548681429743
 -0.02315135068015563 5.514399059981398
 0.1311098936014811 34.37396333925377
 -0.04640970914506343 4.137761269546909
 -0.03700284219894433 4.638469258983185
 0.04086841759708359 -7.990710197159699
 0.08701090425190433 -12.45249664260633
 -0.01025891495249199 -7.244786697418181
 -0.04599030812827767 -33.34947886991793
 -0.007846128353646916 -9.129834028163913
 -0.04133999009773483 -27.19441654638131
 -0.1950114698792094 1.555186621009045
 0.2240941883189617 5.546622456223795
 0.2091704413587322 -25.19755377051609
 0.1887426776660978 21.55219480517888
 -0.06594789963756836 -17.79044184603249
 -0.04806340264269911 -41.22243154212051
 -0.06260707420396179 39.89189665835131
 0.06499825474060093 39.92338325877731
 0.2862277200189645 15.44105790114031
 0.05476147193148002 31.17939459366528
 0.147689368465385 20.63520626916078
 -0.1187995174018357 3.600310709323554
 0.2121372261923013 20.22114380333132
 0.04592189719155286 34.45551962604756
 -0.02886645767391985 -3.349577191655799
 0.004712682392003678 -4.216059476338987
 -0.1704630149952234 -31.92039438939331
 -0.05532329205439097 -10.00189334670597
 0.1878913468637524 24.06688041072248
 0.178689501447055 -21.06049739567219
 -0.1213570276219833 28.45598164254213
 0.07423619640357965 6.057668527834913
 -0.02403787695124494 -49.1529987318746
 0.06640614751230786 -8.479266442796098
 -0.09165494759710395 -35.81855769527738
 -0.001185533302944584 0.0002114374272275548
 -0.1078870672070569 -17.61967461856906
 0.03614257416777218 -3.403708858645381
 -0.07112495285652874 -41.79782143307999
 -0.1476447906912688 -32.09243580981366
 0.1436471645580267 -12.27328554272563
 0.1790918789992664 7.875435499003794
 -0.001127152380800941 -13.18526109985046
 0.05418831944834873 -0.8633239552655098
 0.0775447245103234 -22.48663425631502
 -0.1254281876740733 -2.488794983898568
 -0.2369212546339483 -17.99535226895312
 -0.001263898025089093 7.483568764182976
 0.2488862758843543 -19.0809508248057
 0.08207488873348405 40.45317102293559
 -0.01071719946526285 4.536345761549843
 0.07312562765836914 -0.9120434429743001
 0.02709882744665882 5.175303512659521
 0.1646689228065954 11.41173344847972
 -0.005703459235100178 -3.794157796426014
 0.2656997094617089 -5.838321328446312
 0.06868594344603741 18.36755263439464
 -0.01916377888439386 -19.1736360622217
 0.0941718049500348 8.554872816701716
 -0.2326008136757916 -6.5558331520061
 -0.00600375903189588 -11.0861609293066
 -0.2602525034779398 -8.498494631189523
 0.07947747365398984 24.20177612410931
 -0.01065183492736945 -5.136332844138249
 0.2990854812068325 33.60807292859068
 -0.001218592498666302 -36.15740386125373
 -0.01786228101938088 -1.806183478486946
 -0.0873809913181517 -8.1629947251821
 0.09967558431527125 -12.6359980074094
 -0.2762901220156542 -0.8534481739062784
 -0.01610322654595979 -6.471194461524512
 -0.0007313031616555316 -1.575803512900737
 -0.05744746713138379 0.03698785563290861
 -0.05903869180723981 -31.9288166337666
 0.04827328925479565 10.59881192183117
 -0.09809174567358099 -0.9180432487308001
 0.08408111880484428 -3.387910207863149
 0.03875542228340896 -37.21339520600645
 0.1873249835164016 -5.881016409817588
 -0.02939829804289508 18.27499398599172
 0.07839376274871705 9.377236491628658
 -0.08625338625151116 3.7765301852988
 0.01450748014566277 -25.71927146410692
 0.0445479175696618 -28.16118511686954
 -0.01289055609719946 1.823671827742999
 -0.0009609165185775754 15.13856477702729
 0.1897135894309367 44.35868832280784
 0.09780157676633319 16.9204165353894
 0.02393335049830498 2.091560602332918
 -0.03587072645585963 -5.771107066972256
 0.003337638992124563 0.03007785617322812
 0.07076877352269052 2.45233051712018
 0.0158399440925136 2.125737861682855
 -0.139123017352553 -2.325638084558012
 0.1420393033723073 10.73296196285896
 0.05494116525629074 10.845424611895
 -0.1904308199885278 -17.63571953471102
 0.07807899465947644 3.185353256900309
 0.001562337983524597 5.611538542173539
 -0.04677180576991934 0.7700753711064268
 -0.06941652143395689 -4.873279180969124
 0.007623600826380784 -16.95893640714564
 -0.1532572186906307 22.42428958462735
 -0.0004444160187467992 -20.08348825443808
 -0.2093133432775755 -13.51280170445416
 0.06008194127335368 6.962585769875552
 0.00723782656101524 13.68642244545708
 -0.1936520631058948 -39.07733387602837
 -0.03713819350892224 -8.547800413367028
 -0.1029047257591402 -7.750407230349183
 0.1681761734957815 -4.50256224280494
 0.02096841231239311 -11.98638981315445
 -0.01638391428594843 4.813668959196635
 -0.008336138891688927 0.5211055412683578
 0.05328804409413127 4.749963717357248
 0.1064959055296636 -8.116635561531885
 -0.007352815882471759 -16.29121083219832
 0.06788340217316262 8.196833547355961
 -0.02507051473464645 12.47652019529913
 0.1124086248290341 23.61803727013106
 -0.2179654897382957 -5.46959357199096
 -0.003942923759154505 -7.599006697970612
 -0.04721263156098725 -6.704195115729533
 0.05834883491673465 -27.48927019532584
 -0.1648661834842274 -7.76222691754744
 -0.2736738824016761 -15.34609291425202
 0.05889884528625489 -1.883673413323449
 0.1994533397160734 2.671615908934038
 -0.02282551752275188 -5.315665770196716
 0.1935390773569142 34.8704008714062
 0.01292934290549826 18.01130504724982
 -0.02302673406725551 0.8003804282666546
 0.01164327403253097 4.072516433071104
 -0.1027459952721043 -32.62673299554977
 -0.2128528869612471 -23.204548977718


